id,course_id,student_id
0,58,2409
1,92,1523
2,25,3088
3,41,1238
4,89,5679
5,91,3756
6,59,5245
7,77,3634
8,35,2786
9,10,9962
10,86,9214
11,19,8966
12,76,3158
13,73,1409
14,40,4372
15,61,9541
16,82,5891
17,98,3891
18,51,9864
19,86,4575
20,80,6500
21,12,3833
22,76,1951
23,91,7240
24,18,5852
25,50,378
26,31,6837
27,62,4041
28,93,9897
29,84,5293
30,57,5902
31,44,65
32,75,5743
33,42,5753
34,30,3535
35,4,1074
36,30,6120
37,33,356
38,64,2019
39,6,8415
40,37,6965
41,2,7043
42,29,9818
43,74,3725
44,89,3082
45,46,4044
46,94,1420
47,29,2392
48,55,4127
49,93,3928
50,2,4280
51,21,1638
52,3,4262
53,11,5977
54,47,9636
55,94,2160
56,55,273
57,39,6946
58,68,7511
59,33,4071
60,55,7422
61,57,8545
62,40,9523
63,44,4493
64,52,9414
65,96,2948
66,63,1807
67,49,2713
68,10,3971
69,78,1890
70,63,4855
71,47,2704
72,79,4901
73,61,9408
74,64,4935
75,60,2492
76,30,2769
77,47,2149
78,37,2129
79,35,3265
80,42,6095
81,82,2024
82,99,9181
83,81,9953
84,81,221
85,54,4645
86,42,1471
87,85,4644
88,68,7422
89,32,1533
90,87,8749
91,68,7786
92,9,565
93,8,9847
94,29,1550
95,36,1190
96,62,5552
97,4,8452
98,83,4283
99,50,6213
100,8,336
101,41,1868
102,97,5614
103,64,7168
104,59,1166
105,91,1092
106,78,3231
107,17,6801
108,80,4874
109,22,8021
110,55,9834
111,27,4757
112,30,3614
113,93,8796
114,53,3479
115,68,622
116,14,1467
117,6,4400
118,85,7821
119,75,6758
120,88,6704
121,66,1677
122,82,6658
123,87,3635
124,68,6950
125,1,7243
126,48,4496
127,10,4521
128,95,8461
129,9,8439
130,53,1444
131,20,181
132,73,1873
133,53,6164
134,22,3254
135,96,1630
136,72,5613
137,86,6754
138,25,6230
139,96,6163
140,85,1431
141,83,8817
142,39,5036
143,87,128
144,72,8257
145,60,1060
146,19,7382
147,26,7717
148,92,179
149,66,8033
150,86,5633
151,13,3054
152,98,8535
153,41,692
154,85,9663
155,4,6409
156,97,399
157,20,1396
158,96,7318
159,76,8844
160,66,9636
161,69,219
162,68,9167
163,73,7773
164,27,5176
165,48,3376
166,59,4476
167,46,3737
168,99,3670
169,27,4961
170,42,3334
171,10,4656
172,53,163
173,62,4002
174,84,9962
175,99,4640
176,3,5171
177,1,5620
178,4,5747
179,25,6415
180,78,9174
181,12,7154
182,14,3848
183,95,8827
184,84,8257
185,5,8159
186,10,1761
187,29,5346
188,31,2479
189,77,8051
190,67,7830
191,73,7495
192,12,3534
193,83,3852
194,8,3664
195,57,4355
196,70,4730
197,31,8255
198,26,5309
199,82,4152
200,24,9003
201,32,4456
202,21,8943
203,90,5753
204,72,6325
205,69,423
206,75,7563
207,88,9666
208,34,7378
209,65,2786
210,18,321
211,16,9280
212,4,7121
213,44,1444
214,42,1226
215,22,8771
216,29,7668
217,40,6707
218,66,6227
219,39,9151
220,97,6909
221,61,3539
222,74,8176
223,8,4627
224,7,9946
225,84,490
226,26,7221
227,42,3298
228,92,1480
229,68,1126
230,94,3415
231,29,3678
232,19,2374
233,86,7429
234,72,642
235,9,2772
236,73,9730
237,97,7987
238,17,2579
239,32,934
240,71,1483
241,24,1873
242,16,8950
243,48,8771
244,71,45
245,51,9781
246,88,4515
247,2,1844
248,77,8566
249,46,5972
250,49,823
251,0,7280
252,30,5046
253,96,2010
254,21,1008
255,64,9707
256,94,8432
257,30,9099
258,76,2785
259,43,7610
260,100,322
261,89,3097
262,94,5662
263,83,4348
264,100,5601
265,12,3887
266,86,1278
267,34,1618
268,66,4027
269,8,1917
270,86,6374
271,43,456
272,25,879
273,60,7730
274,57,3187
275,15,4008
276,32,3125
277,4,4098
278,99,4250
279,21,692
280,4,3904
281,61,4736
282,83,9303
283,78,434
284,36,2302
285,63,7416
286,47,9837
287,82,6050
288,4,7183
289,52,8611
290,55,5568
291,11,1163
292,38,6758
293,42,3921
294,0,6740
295,99,702
296,31,6679
297,52,5446
298,41,2353
299,27,5132
300,25,5281
301,52,3521
302,100,4763
303,35,2606
304,22,3123
305,52,3151
306,4,5228
307,19,7682
308,65,6488
309,35,1085
310,3,6535
311,63,2700
312,4,8906
313,75,8692
314,55,8823
315,7,3649
316,95,7793
317,1,5600
318,0,6007
319,47,2978
320,15,8233
321,56,5744
322,70,6059
323,97,2378
324,77,7584
325,42,9086
326,23,5544
327,6,4616
328,90,1871
329,18,9857
330,82,4507
331,60,9367
332,18,5986
333,76,4464
334,61,932
335,25,7223
336,35,8223
337,55,1972
338,58,8623
339,92,2186
340,19,4594
341,44,8168
342,35,5010
343,2,2269
344,63,2869
345,39,758
346,18,5789
347,77,8073
348,7,6909
349,89,7801
350,40,909
351,39,7918
352,65,6401
353,37,2528
354,92,5787
355,14,4982
356,80,383
357,78,4878
358,50,7854
359,45,3944
360,51,6351
361,14,4578
362,17,2223
363,43,334
364,21,3195
365,74,428
366,5,2028
367,52,2926
368,58,9076
369,16,8457
370,88,8601
371,28,3603
372,67,1126
373,77,9421
374,11,4766
375,4,8636
376,59,5427
377,27,1850
378,2,3587
379,11,9061
380,48,7247
381,55,7372
382,53,2471
383,63,1114
384,23,4251
385,29,3273
386,8,1159
387,2,2861
388,70,9859
389,28,7044
390,92,7356
391,51,4615
392,66,1019
393,68,4326
394,54,2769
395,49,8201
396,27,1283
397,82,720
398,87,3708
399,4,6892
400,61,1123
401,27,1611
402,76,1545
403,72,1658
404,75,3318
405,6,9462
406,73,4448
407,18,1920
408,77,923
409,89,5411
410,87,6321
411,94,268
412,2,1476
413,5,1354
414,61,5635
415,32,4613
416,53,8030
417,69,8953
418,89,936
419,11,5712
420,29,2686
421,99,588
422,20,3720
423,73,9860
424,33,5805
425,26,2496
426,40,2093
427,100,3610
428,87,4286
429,2,7629
430,99,6652
431,46,2316
432,49,4369
433,64,4811
434,17,2926
435,75,6813
436,36,1922
437,89,1326
438,5,5624
439,56,1561
440,18,3958
441,81,9163
442,42,9833
443,78,2061
444,54,6257
445,15,7702
446,12,2767
447,21,3580
448,9,4657
449,56,2144
450,46,6061
451,87,5956
452,26,1131
453,45,5588
454,51,2762
455,18,5065
456,0,6406
457,51,7710
458,81,6509
459,83,143
460,85,4297
461,31,8630
462,19,157
463,52,3647
464,54,8891
465,72,1420
466,23,8774
467,5,7107
468,54,7814
469,72,6432
470,5,3026
471,10,2487
472,92,3262
473,50,5732
474,31,9987
475,28,4931
476,63,8198
477,99,8050
478,25,4896
479,37,8532
480,44,4033
481,7,5143
482,86,9845
483,8,7116
484,46,285
485,32,9937
486,16,1596
487,2,9986
488,96,9251
489,66,1977
490,8,5432
491,87,8681
492,10,9323
493,37,837
494,39,2747
495,34,8698
496,49,4191
497,84,984
498,53,3267
499,55,8452
500,52,3008
501,96,8036
502,8,944
503,53,4623
504,76,2908
505,70,1633
506,30,5282
507,34,5918
508,21,1135
509,94,1432
510,14,9600
511,5,9907
512,73,7310
513,56,4413
514,62,5115
515,34,7305
516,98,1707
517,14,9849
518,71,1938
519,19,1110
520,38,4321
521,70,4184
522,73,3909
523,42,4490
524,79,8083
525,21,6455
526,31,8267
527,22,3209
528,41,9539
529,24,5408
530,47,4331
531,20,926
532,76,9690
533,66,1215
534,60,5693
535,42,8470
536,75,404
537,60,7909
538,54,1585
539,30,5645
540,33,4767
541,89,8598
542,66,7464
543,95,8203
544,19,7430
545,70,9727
546,64,8672
547,34,8460
548,39,2529
549,3,9244
550,17,1108
551,28,9021
552,17,1492
553,86,3651
554,28,6506
555,38,57
556,37,9781
557,71,6006
558,71,2574
559,10,5741
560,40,4513
561,78,8060
562,84,5025
563,99,651
564,55,6214
565,19,3973
566,64,7413
567,69,9523
568,48,5049
569,61,5376
570,70,2482
571,62,7566
572,82,529
573,17,4637
574,40,5345
575,99,3401
576,45,7895
577,52,1781
578,97,6491
579,100,4247
580,25,4872
581,14,3899
582,8,2391
583,0,7913
584,99,210
585,68,4293
586,76,8938
587,5,6938
588,53,4366
589,31,7390
590,73,9677
591,98,5281
592,53,2304
593,60,1510
594,76,4111
595,29,5842
596,34,6901
597,35,2445
598,17,4862
599,28,4606
600,65,5
601,53,5343
602,50,7785
603,60,8255
604,2,3200
605,16,1050
606,74,3915
607,77,6521
608,88,7523
609,64,1952
610,10,4573
611,13,9665
612,61,7234
613,30,7087
614,93,4991
615,17,9713
616,45,311
617,80,1900
618,57,3825
619,33,5175
620,89,2808
621,8,8844
622,79,1487
623,50,8153
624,49,3597
625,93,3296
626,91,1722
627,78,3592
628,30,1016
629,79,8877
630,51,8192
631,22,3619
632,36,6004
633,70,9818
634,15,1664
635,12,3024
636,42,3016
637,58,9069
638,89,675
639,81,4373
640,49,2427
641,90,3126
642,68,4995
643,88,9474
644,93,7923
645,16,5791
646,32,6865
647,39,1833
648,87,3749
649,28,4142
650,9,4667
651,40,6379
652,59,3826
653,31,8809
654,78,3176
655,43,2961
656,3,8639
657,94,1853
658,39,6152
659,54,860
660,35,6374
661,39,3805
662,77,5065
663,82,5888
664,89,860
665,92,3245
666,26,3108
667,53,6724
668,22,4634
669,50,1273
670,27,1754
671,81,6394
672,29,2194
673,2,6410
674,62,8055
675,77,9863
676,100,3745
677,41,784
678,68,5971
679,24,4031
680,91,7949
681,84,5481
682,75,7177
683,77,6530
684,59,9205
685,76,7306
686,26,8510
687,38,2018
688,13,9235
689,42,5745
690,60,1781
691,38,7073
692,14,318
693,37,6573
694,29,3264
695,60,5377
696,71,3389
697,21,8275
698,41,8936
699,93,3854
700,84,7935
701,20,2640
702,91,7790
703,79,2593
704,67,3429
705,35,6524
706,44,4715
707,37,8746
708,23,2012
709,33,9635
710,57,2389
711,86,9891
712,51,542
713,30,9335
714,0,1505
715,10,5218
716,85,5196
717,32,1136
718,67,1295
719,40,7420
720,37,7371
721,42,6158
722,99,548
723,85,6378
724,52,5330
725,83,3442
726,66,3737
727,87,2184
728,18,126
729,29,4049
730,24,5258
731,12,9907
732,71,819
733,14,5411
734,39,3625
735,56,4035
736,84,9126
737,66,9132
738,59,2448
739,91,8711
740,9,6138
741,18,7614
742,46,5658
743,7,9710
744,35,6215
745,88,7534
746,89,9355
747,93,4404
748,74,9630
749,44,8707
750,53,7983
751,96,8540
752,79,5134
753,84,8739
754,36,3847
755,2,8917
756,28,4183
757,17,9727
758,0,2973
759,10,818
760,68,3623
761,85,586
762,77,8026
763,12,1613
764,44,1775
765,80,2087
766,82,589
767,30,9701
768,98,3120
769,96,3768
770,16,5636
771,32,5011
772,78,7400
773,88,1513
774,57,5003
775,91,9395
776,31,9465
777,59,541
778,18,6568
779,1,3250
780,32,2549
781,28,3236
782,35,9228
783,32,703
784,54,9079
785,60,4108
786,60,3323
787,22,975
788,76,2356
789,28,3215
790,91,7449
791,64,6172
792,0,160
793,27,6980
794,1,4168
795,70,6711
796,17,6571
797,38,5870
798,90,6215
799,7,8352
800,58,5716
801,29,5848
802,69,4864
803,32,5004
804,76,9651
805,42,2461
806,96,6371
807,39,7736
808,86,3220
809,98,7253
810,83,3381
811,82,4185
812,35,6472
813,20,7280
814,23,4560
815,0,3085
816,51,2167
817,12,5202
818,24,1296
819,26,5404
820,25,7963
821,60,2815
822,44,2123
823,71,8224
824,41,5586
825,76,330
826,37,6540
827,93,3613
828,48,3696
829,35,5392
830,71,3489
831,74,290
832,86,1565
833,14,9334
834,24,6825
835,98,2756
836,82,206
837,39,1989
838,35,3300
839,18,5865
840,84,4292
841,66,3894
842,37,8702
843,5,5156
844,78,4948
845,82,8307
846,36,5128
847,4,1768
848,52,9414
849,89,1928
850,84,2501
851,47,1513
852,26,360
853,69,8661
854,77,4116
855,37,3318
856,88,9596
857,73,9872
858,66,406
859,49,5535
860,33,5397
861,88,9780
862,4,648
863,71,3331
864,23,1324
865,77,1072
866,8,6322
867,73,933
868,22,8138
869,18,5495
870,74,4582
871,88,200
872,51,3587
873,75,9953
874,10,1161
875,51,383
876,13,9993
877,21,5087
878,97,9739
879,22,4449
880,61,3281
881,69,8809
882,27,262
883,62,8402
884,64,7160
885,43,4676
886,18,8749
887,49,4425
888,5,3035
889,97,1889
890,70,2575
891,82,4479
892,78,2798
893,40,4265
894,69,9805
895,62,7799
896,78,9296
897,47,2615
898,31,6749
899,71,71
900,21,3025
901,69,2565
902,43,3068
903,1,125
904,7,7426
905,95,736
906,82,9663
907,15,6612
908,71,591
909,76,4624
910,18,5285
911,46,8507
912,29,809
913,13,5239
914,55,8645
915,41,954
916,3,3126
917,99,4986
918,85,8356
919,86,6788
920,94,4863
921,47,5220
922,62,9331
923,36,672
924,26,94
925,19,1591
926,40,6520
927,20,2670
928,8,80
929,46,3989
930,19,4760
931,94,5454
932,95,6091
933,47,3861
934,30,8069
935,35,5387
936,1,2945
937,75,1978
938,78,1355
939,0,7180
940,66,453
941,3,5990
942,61,1085
943,11,8451
944,74,59
945,45,7747
946,24,6621
947,77,9404
948,60,8375
949,6,4906
950,38,562
951,98,82
952,23,6811
953,45,7596
954,54,8
955,90,7433
956,88,1393
957,63,2551
958,76,5771
959,99,6214
960,52,9210
961,22,9543
962,92,8369
963,42,5726
964,24,1661
965,11,9601
966,61,3467
967,66,3498
968,52,1393
969,29,8880
970,80,8779
971,95,2179
972,29,1633
973,39,7444
974,34,8059
975,33,2374
976,99,3794
977,17,3851
978,78,8197
979,56,9266
980,50,4673
981,96,3193
982,24,4299
983,79,5071
984,100,4082
985,9,1691
986,17,8906
987,38,7596
988,36,4579
989,45,329
990,84,4360
991,54,4751
992,0,4712
993,20,4684
994,12,1859
995,29,1079
996,49,907
997,11,5703
998,64,444
999,67,667
